
95
80
23
59
95
17
17
14
12
83
99
56
28
28
9
96
25
17
24
78
56
54
38
20
62
33
68
63
68
52
15
6
12
81
46
4
2
56
27
35
19
5
55
64
29
36
92
19
3
54
96
33
98
32
54
41
43
3
98
62
49
55
46
60
68
93
44
48
83
5
94
69
90
90
59
52
99
74
92
26
42
49
60
15
56
82
8
81
28
5
62
100
59
66
86
64
59
96
97
36
93
45
37
98
61
27
44
9
73
3
43
69
11
72
20
1
95
32
5
86
85
63
21
78
44
95
11
25
4
96
93
4
78
57
33
97
13
62
55
29
39
100
8
26
63
93
89
87
46
86
70
28
91
11
51
30
25
59
55
66
17
19
6
78
10
39
92
55
39
24
88
33
78
76
47
86
55
96
16
51
6
25
80
18
26
66
13
67
7
4
73
55
8
89
13
21
94
31
16
24
